[1] "********* Dynamic Pos **********"
$breaks
 [1] 75000 76000 77000 78000 79000 80000 81000 82000 83000 84000 85000 86000 87000
[14] 88000 89000 90000 91000 92000 93000 94000 95000 96000 97000 98000 99000

$counts
 [1]   3695 597186 394163   2389   1157    941    299     42     20     23     23
[12]     20     17     14      1      2      3      0      0      0      0      1
[23]      1      2

$intensities
 [1] 3.695003e-06 5.971866e-04 3.941634e-04 2.389002e-06 1.157001e-06 9.410009e-07
 [7] 2.990003e-07 4.200004e-08 2.000002e-08 2.300002e-08 2.300002e-08 2.000002e-08
[13] 1.700002e-08 1.400001e-08 1.000001e-09 2.000002e-09 3.000003e-09 0.000000e+00
[19] 0.000000e+00 0.000000e+00 0.000000e+00 1.000001e-09 1.000001e-09 2.000002e-09

$density
 [1] 3.695003e-06 5.971866e-04 3.941634e-04 2.389002e-06 1.157001e-06 9.410009e-07
 [7] 2.990003e-07 4.200004e-08 2.000002e-08 2.300002e-08 2.300002e-08 2.000002e-08
[13] 1.700002e-08 1.400001e-08 1.000001e-09 2.000002e-09 3.000003e-09 0.000000e+00
[19] 0.000000e+00 0.000000e+00 0.000000e+00 1.000001e-09 1.000001e-09 2.000002e-09

$mids
 [1] 75500 76500 77500 78500 79500 80500 81500 82500 83500 84500 85500 86500 87500
[14] 88500 89500 90500 91500 92500 93500 94500 95500 96500 97500 98500

$xname
[1] "dynamicPositioning[, 1]"

$equidist
[1] TRUE

attr(,"class")
[1] "histogram"
[1] "********* Data Layer **********"
$breaks
 [1]    0  100  200  300  400  500  600  700  800  900 1000 1100 1200 1300 1400 1500
[17] 1600 1700 1800 1900 2000 2100

$counts
 [1]  60552 732429 202943   3513    479     76      7      0      0      0      0
[12]      0      0      0      0      0      0      0      0      0      1

$intensities
 [1] 0.0006055199 0.0073242900 0.0020294300 0.0000351300 0.0000047900 0.0000007600
 [7] 0.0000000700 0.0000000000 0.0000000000 0.0000000000 0.0000000000 0.0000000000
[13] 0.0000000000 0.0000000000 0.0000000000 0.0000000000 0.0000000000 0.0000000000
[19] 0.0000000000 0.0000000000 0.0000000100

$density
 [1] 0.0006055199 0.0073242900 0.0020294300 0.0000351300 0.0000047900 0.0000007600
 [7] 0.0000000700 0.0000000000 0.0000000000 0.0000000000 0.0000000000 0.0000000000
[13] 0.0000000000 0.0000000000 0.0000000000 0.0000000000 0.0000000000 0.0000000000
[19] 0.0000000000 0.0000000000 0.0000000100

$mids
 [1]   50  150  250  350  450  550  650  750  850  950 1050 1150 1250 1350 1450 1550
[17] 1650 1750 1850 1950 2050

$xname
[1] "dataLayer[, 1]"

$equidist
[1] TRUE

attr(,"class")
[1] "histogram"
[1] "********* Data Retrieval **********"
$breaks
 [1]   50  100  150  200  250  300  350  400  450  500  550  600  650  700  750  800
[17]  850  900  950 1000 1050

$counts
 [1] 383619 409211   6600    513    353 120981  69660   2716   3799   2019    276
[12]    196     34     13      3      2      3      1      0      1

$intensities
 [1] 0.007672378 0.008184220 0.000132000 0.000010260 0.000007060 0.002419620
 [7] 0.001393200 0.000054320 0.000075980 0.000040380 0.000005520 0.000003920
[13] 0.000000680 0.000000260 0.000000060 0.000000040 0.000000060 0.000000020
[19] 0.000000000 0.000000020

$density
 [1] 0.007672378 0.008184220 0.000132000 0.000010260 0.000007060 0.002419620
 [7] 0.001393200 0.000054320 0.000075980 0.000040380 0.000005520 0.000003920
[13] 0.000000680 0.000000260 0.000000060 0.000000040 0.000000060 0.000000020
[19] 0.000000000 0.000000020

$mids
 [1]   75  125  175  225  275  325  375  425  475  525  575  625  675  725  775  825
[17]  875  925  975 1025

$xname
[1] "dataRetrieval[, 1]"

$equidist
[1] TRUE

attr(,"class")
[1] "histogram"



[1] "********* Dynamic Pos **********"
   value         prob
1  75000 0.0
1  76000 3.695003e-06
2  77000 5.971866e-04
3  78000 3.941634e-04
4  79000 2.389002e-06
5  80000 1.157001e-06
6  81000 9.410009e-07
7  82000 2.990003e-07
8  83000 4.200004e-08
9  84000 2.000002e-08
10 85000 2.300002e-08
11 86000 2.300002e-08
12 87000 2.000002e-08
13 88000 1.700002e-08
14 89000 1.400001e-08
15 90000 1.000001e-09
16 91000 2.000002e-09
17 92000 3.000003e-09
18 93000 0.000000e+00
19 94000 0.000000e+00
20 95000 0.000000e+00
21 96000 0.000000e+00
22 97000 1.000001e-09
23 98000 1.000001e-09
24 99000 2.000002e-09

[1] "********* Data Layer **********"
   value         prob
1      0 0.0
1    100 0.0006055199
2    200 0.0073242900
3    300 0.0020294300
4    400 0.0000351300
5    500 0.0000047900
6    600 0.0000007600
7    700 0.0000000700
8    800 0.0000000000
9    900 0.0000000000
10  1000 0.0000000000
11  1100 0.0000000000
12  1200 0.0000000000
13  1300 0.0000000000
14  1400 0.0000000000
15  1500 0.0000000000
16  1600 0.0000000000
17  1700 0.0000000000
18  1800 0.0000000000
19  1900 0.0000000000
20  2000 0.0000000000
21  2100 0.0000000100

[1] "********* Data Retrieval **********"
   value        prob
1     50 0.0
1    100 0.007672378
2    150 0.008184220
3    200 0.000132000
4    250 0.000010260
5    300 0.000007060
6    350 0.002419620
7    400 0.001393200
8    450 0.000054320
9    500 0.000075980
10   550 0.000040380
11   600 0.000005520
12   650 0.000003920
13   700 0.000000680
14   750 0.000000260
15   800 0.000000060
16   850 0.000000040
17   900 0.000000060
18   950 0.000000020
19  1000 0.000000000
20  1050 0.000000020

[1] "scale dyn pos:"
      V1 
1.498511 
[1] "scale data layer:"
       V1 
0.1508125 
[1] "scale Gyro:"
       V1 
0.2774063 
[1] "scale GPS:"
      V1 
1.630205 
[1] "scale Young:"
       V1 
0.2848866 


